# This file may be used to create an environment using:
# $ conda create --name <env> --file <this file>
# platform: win-64
annotated-types=0.7.0=pypi_0
anyio=4.7.0=pypi_0
asttokens=3.0.0=pyhd8ed1ab_1
bzip2=1.0.8=h2bbff1b_6
ca-certificates=2024.8.30=h56e8100_0
certifi=2024.8.30=pypi_0
charset-normalizer=3.4.0=pypi_0
colorama=0.4.6=pyhd8ed1ab_1
comm=0.2.2=pyhd8ed1ab_1
debugpy=1.6.7=py311hd77b12b_0
decorator=5.1.1=pyhd8ed1ab_1
distro=1.9.0=pypi_0
exceptiongroup=1.2.2=pyhd8ed1ab_1
executing=2.1.0=pyhd8ed1ab_1
filelock=3.16.1=pypi_0
fsspec=2024.10.0=pypi_0
h11=0.14.0=pypi_0
httpcore=1.0.7=pypi_0
httpx=0.28.1=pypi_0
huggingface-hub=0.26.5=pypi_0
idna=3.10=pypi_0
importlib-metadata=8.5.0=pyha770c72_1
iprogress=0.4=pypi_0
ipykernel=6.29.5=pyh4bbf305_0
ipython=8.30.0=pyh7428d3b_0
jedi=0.19.2=pyhd8ed1ab_1
jinja2=3.1.4=pypi_0
jiter=0.8.2=pypi_0
jsonpatch=1.33=pypi_0
jsonpointer=3.0.0=pypi_0
jupyter_client=8.6.3=pyhd8ed1ab_1
jupyter_core=5.7.2=py311h1ea47a8_0
langchain-core=0.3.24=pypi_0
langchain-openai=0.2.12=pypi_0
langsmith=0.2.3=pypi_0
libffi=3.4.4=hd77b12b_1
libsodium=1.0.18=h8d14728_1
markupsafe=3.0.2=pypi_0
matplotlib-inline=0.1.7=pyhd8ed1ab_1
mpmath=1.3.0=pypi_0
nest-asyncio=1.6.0=pyhd8ed1ab_1
networkx=3.4.2=pypi_0
numpy=2.2.0=pypi_0
openai=1.57.3=pypi_0
openssl=3.0.15=h827c3e9_0
orjson=3.10.12=pypi_0
packaging=24.2=pyhd8ed1ab_2
parso=0.8.4=pyhd8ed1ab_1
pickleshare=0.7.5=pyhd8ed1ab_1004
pip=24.2=py311haa95532_0
platformdirs=4.3.6=pyhd8ed1ab_1
prompt-toolkit=3.0.48=pyha770c72_1
psutil=5.9.0=py311h2bbff1b_0
pure_eval=0.2.3=pyhd8ed1ab_1
pydantic=2.10.3=pypi_0
pydantic-core=2.27.1=pypi_0
pygments=2.18.0=pyhd8ed1ab_1
python=3.11.11=h4607a30_0
python-dateutil=2.9.0.post0=pyhff2d567_1
python_abi=3.11=2_cp311
pywin32=305=py311h2bbff1b_0
pyyaml=6.0.2=pypi_0
pyzmq=24.0.1=py311h7b3f143_1
regex=2024.11.6=pypi_0
requests=2.32.3=pypi_0
requests-toolbelt=1.0.0=pypi_0
safetensors=0.4.5=pypi_0
setuptools=75.1.0=py311haa95532_0
six=1.17.0=pyhd8ed1ab_0
sniffio=1.3.1=pypi_0
sqlite=3.45.3=h2bbff1b_0
stack_data=0.6.3=pyhd8ed1ab_1
sympy=1.13.1=pypi_0
tenacity=9.0.0=pypi_0
tiktoken=0.8.0=pypi_0
tk=8.6.14=h0416ee5_0
tokenizers=0.21.0=pypi_0
torch=2.5.1=pypi_0
tornado=6.2=py311ha68e1ae_1
tqdm=4.67.1=pypi_0
traitlets=5.14.3=pyhd8ed1ab_1
transformers=4.47.0=pypi_0
typing_extensions=4.12.2=pyha770c72_1
tzdata=2024b=h04d1e81_0
ucrt=10.0.22621.0=h57928b3_1
urllib3=2.2.3=pypi_0
vc=14.40=haa95532_2
vs2015_runtime=14.42.34433=h9531ae6_2
wcwidth=0.2.13=pyhd8ed1ab_1
wheel=0.44.0=py311haa95532_0
xz=5.4.6=h8cc25b3_1
zeromq=4.3.4=h0e60522_1
zipp=3.21.0=pyhd8ed1ab_1
zlib=1.2.13=h8cc25b3_1
